# x y z w l h color
1 0 0 1 1 7 1 1 1
2 2 0 1 1 7 1 1 1
3 4 0 1 1 7 1 1 1
4 6 0 1 1 7 1 1 1
5 0 0 3 1 7 1 2 2
6 2 0 3 1 7 1 2 2
7 4 0 3 1 7 1 2 2
8 6 0 3 1 7 1 2 2
9 0 0 5 1 7 1 3 3
10 2 0 5 1 7 1 3 3
11 4 0 5 1 7 1 3 3
12 6 0 5 1 7 1 3 3
13 0 1 0 7 1 1 4 4
14 0 1 2 7 1 1 4 4
15 0 1 4 7 1 1 4 4
15 0 1 6 7 1 1 4 4
13 0 3 0 7 1 1 5 5
14 0 3 2 7 1 1 5 5
15 0 3 4 7 1 1 5 5
15 0 3 6 7 1 1 5 5
16 0 5 0 7 1 1 6 6
17 0 5 2 7 1 1 6 6
18 0 5 4 7 1 1 6 6
19 0 5 6 7 1 1 6 6
20 1 0 0 1 1 7 7 7
21 1 2 0 1 1 7 7 7
22 1 4 0 1 1 7 7 7
23 1 6 0 1 1 7 7 7
24 3 0 0 1 1 7 8 8
25 3 2 0 1 1 7 8 8
26 3 4 0 1 1 7 8 8
27 3 6 0 1 1 7 8 8
24 5 0 0 1 1 7 9 9
25 5 2 0 1 1 7 9 9
26 5 4 0 1 1 7 9 9
27 5 6 0 1 1 7 9 9